cuboid [600,0,50] 100 40 30 Build1_body Front:[[1608.0,927.0],[1642.0,928.0],[1641.0,552.0],[1584.0,553.0]] Left:[[1464.0,913.0],[1601.0,925.0],[1581.0,556.0],[1452.0,601.0]]
frustum [600,30,50] 6 90 30 110 50 Build1_roof Front:[[1570.0,536.0],[1641.0,536.0],[1641.0,502.0],[1611.0,501.0]]
cuboid [600,0,110] 100 40 30 Build2_body Front:[[1254.0,865.0],[1327.0,869.0],[1320.0,692.0],[1248.0,693.0]] Left:[[1189.0,862.0],[1255.0,866.0],[1246.0,692.0],[1183.0,711.0]]
frustum [600,30,110] 6 90 30 110 50 Build2_roof Front:[[1237.0,686.0],[1343.0,687.0],[1342.0,660.0],[1275.0,658.0]]
cuboid [580,0,180] 60 80 25 Build3_body Left:[[1147.0,864.0],[1186.0,867.0],[1185.0,728.0],[1139.0,740.0]]
prism [580,25,180] 80 90 20 Build3_roof Left:[[1078.0,751.0],[1141.0,740.0],[1169.0,706.0],[1103.0,722.0]]
cuboid [470,0,180] 140 50 30 Build4 Front:[[996.0,860.0],[1145.0,860.0],[1141.0,789.0],[995.0,785.0]] Left:[[979.0,859.0],[995.0,860.0],[995.0,761.0],[979.0,765.0]]
cuboid [330,0,180] 100 40 25 Build5_body Front:[[871.0,865.0],[970.0,870.0],[971.0,828.0],[872.0,827.0]]
frustum [330,25,180] 10 90 20 120 50 Build5_roof Front:[[859.0,822.0],[979.0,825.0],[951.0,799.0],[904.0,799.0]]
cuboid [200,0,150] 80 60 30 Build6_body Front:[[714.0,866.0],[845.0,867.0],[844.0,797.0],[718.0,793.0]]
prism [200,30,150] 100 80 20 Build6_roof Front:[[707.0,789.0],[854.0,792.0],[781.0,749.0]]
cuboid [50,0,190] 200 40 30 Build7_body Front:[[575.0,865.0],[704.0,866.0],[706.0,826.0],[584.0,826.0]]
frustum [50,30,190] 20 200 40 250 60 Build7_roof Front:[[859.0,822.0],[979.0,825.0],[951.0,799.0],[904.0,799.0]]
cylinder [200,0,260] 20 120 Build8 Front:[[757.0,746.0],[811.0,748.0],[813.0,684.0],[758.0,682.0]]
cylinder [200,120,260] 10 20 Build8_top Front:[[772.0,682.0],[800.0,684.0],[801.0,666.0],[771.0,667.0]]
cuboid [310,0,235] 30 30 70 Build9_a Front:[[886.0,791.0],[925.0,794.0],[926.0,737.0],[886.0,737.0]]
cuboid [330,0,280] 60 60 140 Build9_b Front:[[890.0,735.0],[954.0,738.0],[949.0,626.0],[894.0,624.0]]
cuboid [300,0,260] 20 20 110 Build9_c Front:[[875.0,788.0],[886.0,791.0],[890.0,675.0],[875.0,675.0]]
cuboid [330,140,280] 50 50 30 Build9_d Front:[[898.0,622.0],[947.0,626.0],[946.0,585.0],[900.0,582.0]]
cuboid [330,170,280] 40 40 20 Build9_e Front:[[902.0,583.0],[943.0,585.0],[942.0,567.0],[902.0,565.0]]
cuboid [370,0,235] 30 30 60 Build9_f Front:[[936.0,798.0],[969.0,799.0],[967.0,765.0],[937.0,767.0]] 
cuboid [-20,0,60] 40 100 25 Build10_body Right:[[1254.0,865.0],[1327.0,869.0],[1320.0,692.0],[1248.0,693.0]]
prism [-20,25,60] 60 120 10 Build10_roof Right:[[707.0,789.0],[854.0,792.0],[781.0,749.0]]
cuboid [0,0,280] 40 40 70 Build11 Front:[[644.0,776.0],[677.0,775.0],[675.0,752.0],[646.0,754.0]]
cuboid [330,0,330] 140 20 60 Build12 Front:[[826.0,750.0],[875.0,750.0],[875.0,733.0],[825.0,733.0]]
cuboid [550,0,250] 70 20 51 Build13 Front:[[960.0,760.0],[1015.0,759.0],[1015.0,733.0],[961.0,734.0]]